008,0000001,01-04-2024,00001,01,
008,0000001,02-04-2024,00001,01,
008,0000003,01-04-2024,00001,01,
008,0000003,02-04-2024,00001,01,
008,0000005,01-04-2024,00002,01,
008,0000005,02-04-2024,00002,01,
008,0000001,03-04-2024,00001,01,
008,0000001,04-04-2024,00001,01,
008,0000001,05-04-2024,00001,01,
008,0000001,08-04-2024,00001,01,
008,0000003,03-04-2024,00001,01,
008,0000003,05-04-2024,00001,01,
008,0000003,06-04-2024,00001,01,
008,0000003,08-04-2024,00001,01,
008,0000005,03-04-2024,00002,01,
008,0000005,04-04-2024,00002,01,
008,0000005,05-04-2024,00002,01,
008,0000005,08-04-2024,00002,01,
008,0000006,03-04-2024,00001,01,
008,0000006,04-04-2024,00001,01,
008,0000006,05-04-2024,00001,01,
008,0000006,08-04-2024,00001,01,
